sc_6_1: 3
sc_9_0: 5
sc_15_0: 9
sc_25_0: 11
sc_27_0: 19
sc_45_0: 33
sc_81_0: 65
sc_135_0: 111
sc_157_0: 117300
sc_192_0: 60
sc_243_0: 211
sc_330_0: 30
sc_405_0: 357
sc_448_0: 148
sc_450_0: 429
sc_450_1: 431
sc_450_2: 429
sc_450_3: 429
sc_450_4: 430
sc_500_0: 5
sc_500_1: 5
sc_500_2: 5
sc_500_3: 6
sc_500_4: 5
sc_595_0: 570
sc_595_1: 570
sc_595_2: 571
sc_595_3: 570
sc_595_4: 571
sc_760_0: 737
sc_760_1: 732
sc_760_2: 733
sc_760_3: 732
sc_760_4: 733
sc_1000_0: 1684
sc_1000_1: 1816
sc_1000_2: 1308
sc_1000_3: 1722
sc_1000_4: 1552
sc_1000_5: 1327
sc_1000_6: 1509
sc_1000_7: 1607
sc_1000_8: 1643
sc_1000_9: 1725
sc_1000_10: 891
sc_1000_11: 813
sc_1000_12: 778
sc_1000_13: 812
sc_1000_14: 815
sc_1024_0: 364
sc_1165_0: 3.14939e+07
sc_2000_0: 1037
sc_2000_1: 1034
sc_2000_2: 1127
sc_2000_3: 1288
sc_2000_4: 1263
sc_2000_5: 1421
sc_2000_6: 1216
sc_2000_7: 1199
sc_2000_8: 1227
sc_2000_9: 1445
sc_2241_0: 34421
sc_2304_0: 816
sc_3000_0: 1444
sc_3000_1: 1581
sc_3000_2: 1433
sc_3000_3: 1581
sc_3000_4: 1485
sc_3000_5: 694
sc_3000_6: 743
sc_3000_7: 571
sc_3000_8: 821
sc_3000_9: 775
sc_3095_0: 47729
sc_3202_0: 43103
sc_3314_0: 49450
sc_3425_0: 41003
sc_3558_0: 45962
sc_3701_0: 45636
sc_3868_0: 45614
sc_4000_0: 1633
sc_4000_1: 1843
sc_4000_2: 1635
sc_4000_3: 2000
sc_4000_4: 1807
sc_4000_5: 1268
sc_4000_6: 1036
sc_4000_7: 915
sc_4000_8: 1105
sc_4000_9: 1078
sc_4025_0: 46911
sc_4208_0: 41799
sc_4413_0: 47755
sc_5120_0: 1928
sc_6931_0: 1.36447e+07
sc_6951_0: 55643
sc_7435_0: 48958
sc_8002_0: 55699
sc_8661_0: 56440
sc_9524_0: 83439
sc_10370_0: 9.42594e+06
sc_18753_0: 1.58712e+07